1	1.007825032071	99.9885	1
2	2.01410177784	0.0115	1
3	3.016029319126	0.00013	2
4	4.002603254156	99.99987	2
5	6.01512279516	7.59	3
6	7.016004558	92.41	3
7	9.01218224	100	4
8	10.01293704	19.9	5
9	11.00930544	80.1	5
10	12.0	98.93	6
11	13.00335483781	1.07	6
12	14.00307400486	99.636	7
13	15.00010889827	0.364	7
16	17.99916107	0.205	8
14	15.9949146195616	99.757	8
15	16.9991317012	0.038	8
17	18.998403227	100	9
19	20.993846684	0.27	10
18	19.992440175419	90.48	10
20	21.99138511419	9.25	10
21	22.989769280929	100	11
23	24.985836923	10	12
22	23.98504170014	78.99	12
24	25.9825929293	11.01	12
25	26.9815386312	100	13
27	28.97649470022	4.685	14
26	27.976926532519	92.223	14
28	29.973770173	3.092	14
29	30.973761632	100	15
32	33.9678669012	4.25	16
33	35.967080762	0.01	16
31	32.9714587615	0.75	16
30	31.9720710015	94.99	16
34	34.968852684	75.76	17
35	36.965902595	24.24	17
38	39.962383122529	99.6003	18
36	35.96754510629	0.3365	18
37	37.96273244	0.0632	18
39	38.963706682	93.2581	19
40	39.9639984821	0.0117	19
41	40.9618257621	6.7302	19
42	39.9625909822	96.941	20
43	41.9586180127	0.647	20
46	45.953692624	0.004	20
47	47.9525344	0.187	20
44	42.95876663	0.135	20
45	43.95548184	2.086	20
48	44.95591199	100	21
51	47.94794639	73.72	22
50	46.95176319	7.44	22
49	45.95263169	8.25	22
53	49.94479129	5.18	22
52	48.94787009	5.41	22
55	50.943959511	99.75	23
54	49.947158511	0.25	23
59	53.93888048	2.365	24
58	52.94064948	9.501	24
57	51.94050758	83.789	24
56	49.946044211	4.345	24
60	54.93804517	100	25
64	57.93327568	0.282	26
63	56.93539407	2.119	26
62	55.93493757	91.754	26
61	53.93961057	5.845	26
65	58.93319507	100	27
68	60.93105607	1.1399	28
69	61.92834516	3.6345	28
70	63.92796607	0.9256	28
66	57.93534297	68.0769	28
67	59.93078647	26.2231	28
71	62.92959756	69.15	29
72	64.92778957	30.85	29
76	67.92484421	19.024	30
77	69.925319321	0.631	30
73	63.92914227	48.268	30
74	65.92603341	27.975	30
75	66.92712731	4.102	30
78	68.925573613	60.108	31
79	70.924701311	39.892	31
84	75.921402618	7.83	32
81	71.922075818	27.31	32
80	69.924247411	20.38	32
83	73.921177818	36.72	32
82	72.923458918	7.76	32
85	74.92159652	100	33
87	75.919213618	9.37	34
86	73.922476418	0.89	34
89	77.917309118	23.77	34
88	76.919914018	7.63	34
91	81.916699422	8.73	34
90	79.916521321	49.61	34
93	80.916290621	49.31	35
92	78.918337122	50.69	35
98	83.9115073	56.987	36
99	85.9106107311	17.279	36
96	81.913483619	11.593	36
97	82.9141363	11.5	36
95	79.916379016	2.286	36
94	77.920364812	0.355	36
100	84.91178973812	72.17	37
101	86.90918052713	27.83	37
102	83.9134253	0.56	38
103	85.909260212	9.86	38
104	86.908877112	7	38
105	87.905612112	82.58	38
106	88.905848327	100	39
110	93.906315226	17.38	40
111	95.90827343	2.8	40
108	90.905645825	11.22	40
109	91.905040825	17.15	40
107	89.904704425	51.45	40
112	92.906378126	100	41
119	99.9074776	9.67	42
118	97.905408221	24.19	42
117	96.906021521	9.56	42
116	95.904679521	16.68	42
115	94.905842121	15.9	42
114	93.905088321	9.23	42
113	91.9068114	14.77	42
126	103.9054333	18.62	44
125	101.904349322	31.55	44
124	100.905582122	17.06	44
123	99.904219522	12.6	44
122	98.905939322	12.76	44
121	97.9052877	1.87	44
120	95.9075988	5.54	44
127	102.9055043	100	45
129	103.9040364	11.14	46
128	101.9056093	1.02	46
131	105.9034864	27.33	46
130	104.9050854	22.33	46
133	109.90515312	11.72	46
132	107.9038924	26.46	46
135	108.9047523	48.161	47
134	106.9050975	51.839	47
137	107.9041846	0.89	48
136	105.9064596	1.25	48
139	110.904178129	12.8	48
138	109.903002129	12.49	48
141	112.904401729	12.22	48
140	111.902757829	24.13	48
143	115.9047563	7.49	48
142	113.903358529	28.73	48
144	112.9040583	4.29	49
145	114.9038785	95.71	49
152	118.9033083	8.59	50
153	119.902194727	32.58	50
154	121.903439029	4.63	50
155	123.905273915	5.79	50
146	111.9048185	0.97	50
147	113.9027793	0.66	50
148	114.9033423	0.34	50
149	115.9017413	14.54	50
150	116.9029523	7.68	50
151	117.9016033	24.22	50
156	120.903815724	57.21	51
157	122.904214022	42.79	51
158	119.9040201	0.09	52
159	121.903043916	2.55	52
163	125.903311716	18.84	52
162	124.904430716	7.07	52
161	123.902817916	4.74	52
160	122.904270016	0.89	52
165	129.906224421	34.08	52
164	127.904463119	31.74	52
166	126.9044734	100	53
171	129.90350808	4.071	54
170	128.90477948	26.4006	54
169	127.903531315	1.9102	54
168	125.9042747	0.089	54
175	135.9072198	8.8573	54
174	133.90539459	10.4357	54
173	131.90415351	26.9086	54
172	130.90508241	21.2324	54
167	123.90589302	0.0952	54
176	132.90545193324	100	55
178	131.905061311	0.101	56
179	133.90450844	2.417	56
177	129.90632083	0.106	56
182	136.90582745	11.232	56
183	137.90524725	71.698	56
180	134.90568864	6.592	56
181	135.90457594	7.854	56
184	137.9071124	0.09	57
185	138.906353326	99.91	57
186	135.90717214	0.185	58
187	137.90599111	0.251	58
188	139.905438726	88.45	58
189	141.9092443	11.114	58
190	140.907652826	100	59
191	141.907723325	27.2	60
197	149.9208913	5.6	60
196	147.9168933	5.7	60
193	143.910087325	23.8	60
192	142.909814325	12.2	60
195	145.913116925	17.2	60
194	144.912573625	8.3	60
204	153.922209327	22.75	62
201	148.917184726	13.82	62
200	147.914822726	11.24	62
203	151.919732427	26.75	62
202	149.917275526	7.38	62
199	146.914897926	14.99	62
198	143.9119993	3.07	62
205	150.919850226	47.81	63
206	152.921230326	52.19	63
207	151.919791027	0.2	64
212	157.924103927	24.84	64
213	159.927054127	21.86	64
208	153.920865627	2.18	64
209	154.922622027	14.8	64
210	155.922122727	20.47	64
211	156.923960127	15.65	64
214	158.925346827	100	65
220	162.928731227	24.896	66
221	163.929174827	28.26	66
216	157.9244094	0.095	66
217	159.925197527	2.329	66
218	160.926933427	18.889	66
219	161.926798427	25.475	66
215	155.9242837	0.056	66
222	164.930322127	100	67
223	161.9287784	0.139	68
228	169.93546433	14.91	68
227	167.932370227	26.978	68
226	166.932048227	22.869	68
225	165.930293127	33.503	68
224	163.9292003	1.601	68
229	168.934213327	100	69
236	175.942571728	12.76	70
235	173.938862126	31.83	70
234	172.938210826	16.13	70
233	171.936381526	21.83	70
232	170.936325826	14.28	70
231	169.934761826	3.04	70
230	167.9338975	0.13	70
238	175.942686323	2.59	71
237	174.940771823	97.41	71
239	173.9400463	0.16	72
244	179.946550023	35.08	72
242	177.943698823	27.28	72
243	178.945816123	13.62	72
240	175.941408624	5.26	72
241	176.943220723	18.6	72
246	180.947995819	99.988	73
245	179.947464824	0.012	73
250	183.95093129	30.64	74
251	185.954364119	28.43	74
248	181.94820429	26.5	74
249	182.95022309	14.31	74
247	179.9467044	0.12	74
252	184.952955013	37.4	75
253	186.955753115	62.6	75
258	188.958147516	16.15	76
254	183.952489114	0.02	76
259	189.958447016	26.26	76
255	185.953838215	1.59	76
256	186.955750515	1.96	76
257	187.955838215	13.24	76
260	191.961480727	40.78	76
262	192.962926418	62.7	77
261	190.960594018	37.3	77
263	189.9599326	0.014	78
266	194.96479119	33.832	78
267	195.96495159	25.242	78
264	191.961038027	0.782	78
265	193.96268039	32.967	78
268	197.9678933	7.163	78
269	196.96656876	100	79
275	201.97064306	29.86	80
274	200.97030236	13.18	80
273	199.96832604	23.1	80
272	198.96827994	16.87	80
276	203.97349394	6.87	80
270	195.9658333	0.15	80
271	197.96676904	9.97	80
278	204.974427514	70.48	81
277	202.972344214	29.52	81
279	203.973043613	1.4	82
282	207.976652113	52.4	82
281	206.975896913	22.1	82
280	205.974465313	24.1	82
283	208.980398716	100	83
284	232.038055321	100	90
285	231.035884024	100	91
288	238.05078822	99.2742	92
287	235.04392992	0.7204	92
286	234.04095212	0.0054	92
247	247.0	100	101
251	251.0	100	102
260	260.0	100	103
98	98.0	100	104
258	258.0	100	105
252	252.0	100	106
259	259.0	100	107
237	237.0482	100	108
223	223.0	100	109
257	257.0	100	110
244	244.0	100	111
145	145.0	100	112
209	209.0	100	113
210	210.0	100	114
227	227.0278	100	115
243	243.0	100	116
222	222.0	100	117
247	247.0	100	118
226	226.0254	100	119
