1	1.007825032071	99.9885	1
2	2.01410177784	0.0115	1
3	3.016049277725	0	1
4	3.016029319126	0.00013	2
5	4.002603254156	99.99987	2
6	6.01512279516	7.59	3
7	7.016004558	92.41	3
8	9.01218224	100	4
9	10.01293704	19.9	5
10	11.00930544	80.1	5
11	12.0	98.93	6
12	13.00335483781	1.07	6
13	14.0032419894	0	6
14	14.00307400486	99.636	7
15	15.00010889827	0.364	7
17	16.9991317012	0.038	8
16	15.9949146195616	99.757	8
18	17.99916107	0.205	8
19	18.998403227	100	9
21	20.993846684	0.27	10
20	19.992440175419	90.48	10
22	21.99138511419	9.25	10
23	22.989769280929	100	11
25	24.985836923	10	12
24	23.98504170014	78.99	12
26	25.9825929293	11.01	12
27	26.9815386312	100	13
29	28.97649470022	4.685	14
28	27.976926532519	92.223	14
30	29.973770173	3.092	14
31	30.973761632	100	15
34	33.9678669012	4.25	16
35	35.967080762	0.01	16
32	31.9720710015	94.99	16
33	32.9714587615	0.75	16
36	34.968852684	75.76	17
37	36.965902595	24.24	17
38	35.96754510629	0.3365	18
39	37.96273244	0.0632	18
40	39.962383122529	99.6003	18
42	39.9639984821	0.0117	19
43	40.9618257621	6.7302	19
41	38.963706682	93.2581	19
49	47.9525344	0.187	20
48	45.953692624	0.004	20
46	42.95876663	0.135	20
47	43.95548184	2.086	20
44	39.9625909822	96.941	20
45	41.9586180127	0.647	20
50	44.95591199	100	21
51	45.95263169	8.25	22
55	49.94479129	5.18	22
54	48.94787009	5.41	22
53	47.94794639	73.72	22
52	46.95176319	7.44	22
57	50.943959511	99.75	23
56	49.947158511	0.25	23
59	51.94050758	83.789	24
58	49.946044211	4.345	24
61	53.93888048	2.365	24
60	52.94064948	9.501	24
62	54.93804517	100	25
64	55.93493757	91.754	26
65	56.93539407	2.119	26
66	57.93327568	0.282	26
63	53.93961057	5.845	26
67	58.93319507	100	27
68	57.93534297	68.0769	28
69	59.93078647	26.2231	28
70	60.93105607	1.1399	28
71	61.92834516	3.6345	28
72	63.92796607	0.9256	28
73	62.92959756	69.15	29
74	64.92778957	30.85	29
76	65.92603341	27.975	30
77	66.92712731	4.102	30
78	67.92484421	19.024	30
79	69.925319321	0.631	30
75	63.92914227	48.268	30
81	70.924701311	39.892	31
80	68.925573613	60.108	31
85	73.921177818	36.72	32
84	72.923458918	7.76	32
86	75.921402618	7.83	32
83	71.922075818	27.31	32
82	69.924247411	20.38	32
87	74.92159652	100	33
93	81.916699422	8.73	34
92	79.916521321	49.61	34
89	75.919213618	9.37	34
88	73.922476418	0.89	34
91	77.917309118	23.77	34
90	76.919914018	7.63	34
95	80.916290621	49.31	35
94	78.918337122	50.69	35
100	83.9115073	56.987	36
101	85.9106107311	17.279	36
98	81.913483619	11.593	36
99	82.9141363	11.5	36
96	77.920364812	0.355	36
97	79.916379016	2.286	36
102	84.91178973812	72.17	37
103	86.90918052713	27.83	37
106	86.908877112	7	38
107	87.905612112	82.58	38
104	83.9134253	0.56	38
105	85.909260212	9.86	38
108	88.905848327	100	39
113	95.90827343	2.8	40
112	93.906315226	17.38	40
110	90.905645825	11.22	40
111	91.905040825	17.15	40
109	89.904704425	51.45	40
114	92.906378126	100	41
119	96.906021521	9.56	42
118	95.904679521	16.68	42
117	94.905842121	15.9	42
116	93.905088321	9.23	42
115	91.9068114	14.77	42
121	99.9074776	9.67	42
120	97.905408221	24.19	42
124	98.906254721	0	43
123	97.9072164	0	43
122	96.9063655	0	43
129	100.905582122	17.06	44
127	98.905939322	12.76	44
128	99.904219522	12.6	44
126	97.9052877	1.87	44
131	103.9054333	18.62	44
125	95.9075988	5.54	44
130	101.904349322	31.55	44
132	102.9055043	100	45
137	107.9038924	26.46	46
136	105.9034864	27.33	46
138	109.90515312	11.72	46
133	101.9056093	1.02	46
135	104.9050854	22.33	46
134	103.9040364	11.14	46
139	106.9050975	51.839	47
140	108.9047523	48.161	47
141	105.9064596	1.25	48
143	109.903002129	12.49	48
142	107.9041846	0.89	48
144	110.904178129	12.8	48
145	111.902757829	24.13	48
146	112.904401729	12.22	48
147	113.903358529	28.73	48
148	115.9047563	7.49	48
149	112.9040583	4.29	49
150	114.9038785	95.71	49
152	113.9027793	0.66	50
153	114.9033423	0.34	50
154	115.9017413	14.54	50
155	116.9029523	7.68	50
156	117.9016033	24.22	50
157	118.9033083	8.59	50
158	119.902194727	32.58	50
159	121.903439029	4.63	50
160	123.905273915	5.79	50
151	111.9048185	0.97	50
162	122.904214022	42.79	51
161	120.903815724	57.21	51
170	129.906224421	34.08	52
169	127.904463119	31.74	52
168	125.903311716	18.84	52
163	119.9040201	0.09	52
167	124.904430716	7.07	52
166	123.902817916	4.74	52
165	122.904270016	0.89	52
164	121.903043916	2.55	52
171	126.9044734	100	53
175	128.90477948	26.4006	54
174	127.903531315	1.9102	54
173	125.9042747	0.089	54
172	123.90589302	0.0952	54
178	131.90415351	26.9086	54
179	133.90539459	10.4357	54
176	129.90350808	4.071	54
177	130.90508241	21.2324	54
180	135.9072198	8.8573	54
181	132.90545193324	100	55
186	135.90457594	7.854	56
187	136.90582745	11.232	56
184	133.90450844	2.417	56
185	134.90568864	6.592	56
188	137.90524725	71.698	56
182	129.90632083	0.106	56
183	131.905061311	0.101	56
190	138.906353326	99.91	57
189	137.9071124	0.09	57
191	135.90717214	0.185	58
193	139.905438726	88.45	58
192	137.90599111	0.251	58
194	141.9092443	11.114	58
195	140.907652826	100	59
201	147.9168933	5.7	60
200	145.913116925	17.2	60
202	149.9208913	5.6	60
197	142.909814325	12.2	60
196	141.907723325	27.2	60
199	144.912573625	8.3	60
198	143.910087325	23.8	60
204	146.915138526	0	61
203	144.9127493	0	61
205	143.9119993	3.07	62
207	147.914822726	11.24	62
206	146.914897926	14.99	62
208	148.917184726	13.82	62
209	149.917275526	7.38	62
210	151.919732427	26.75	62
211	153.922209327	22.75	62
212	150.919850226	47.81	63
213	152.921230326	52.19	63
220	159.927054127	21.86	64
216	154.922622027	14.8	64
217	155.922122727	20.47	64
218	156.923960127	15.65	64
219	157.924103927	24.84	64
214	151.919791027	0.2	64
215	153.920865627	2.18	64
221	158.925346827	100	65
222	155.9242837	0.056	66
223	157.9244094	0.095	66
228	163.929174827	28.26	66
227	162.928731227	24.896	66
226	161.926798427	25.475	66
225	160.926933427	18.889	66
224	159.925197527	2.329	66
229	164.930322127	100	67
235	169.93546433	14.91	68
234	167.932370227	26.978	68
233	166.932048227	22.869	68
232	165.930293127	33.503	68
231	163.9292003	1.601	68
230	161.9287784	0.139	68
236	168.934213327	100	69
239	170.936325826	14.28	70
238	169.934761826	3.04	70
237	167.9338975	0.13	70
242	173.938862126	31.83	70
243	175.942571728	12.76	70
240	171.936381526	21.83	70
241	172.938210826	16.13	70
244	174.940771823	97.41	71
245	175.942686323	2.59	71
250	178.945816123	13.62	72
251	179.946550023	35.08	72
248	176.943220723	18.6	72
249	177.943698823	27.28	72
246	173.9400463	0.16	72
247	175.941408624	5.26	72
252	179.947464824	0.012	73
253	180.947995819	99.988	73
258	185.954364119	28.43	74
254	179.9467044	0.12	74
255	181.94820429	26.5	74
256	182.95022309	14.31	74
257	183.95093129	30.64	74
259	184.952955013	37.4	75
260	186.955753115	62.6	75
262	185.953838215	1.59	76
263	186.955750515	1.96	76
261	183.952489114	0.02	76
266	189.958447016	26.26	76
267	191.961480727	40.78	76
264	187.955838215	13.24	76
265	188.958147516	16.15	76
268	190.960594018	37.3	77
269	192.962926418	62.7	77
275	197.9678933	7.163	78
274	195.96495159	25.242	78
273	194.96479119	33.832	78
272	193.96268039	32.967	78
270	189.9599326	0.014	78
271	191.961038027	0.782	78
276	196.96656876	100	79
279	198.96827994	16.87	80
278	197.96676904	9.97	80
277	195.9658333	0.15	80
283	203.97349394	6.87	80
282	201.97064306	29.86	80
281	200.97030236	13.18	80
280	199.96832604	23.1	80
285	204.974427514	70.48	81
284	202.972344214	29.52	81
288	206.975896913	22.1	82
289	207.976652113	52.4	82
287	205.974465313	24.1	82
286	203.973043613	1.4	82
290	208.980398716	100	83
291	208.98243042	0	84
292	209.982873713	0	84
293	209.9871488	0	85
294	210.98749633	0	85
295	210.9906017	0	86
296	220.011394024	0	86
297	222.017577725	0	86
298	223.019735926	0	87
299	223.018502227	0	88
300	224.020211824	0	88
301	226.025409825	0	88
302	228.031070326	0	88
303	227.027752126	0	89
305	232.038055321	100	90
304	230.033133819	0	90
306	231.035884024	100	91
307	233.039635229	0	92
309	235.04392992	0.7204	92
308	234.04095212	0.0054	92
311	238.05078822	99.2742	92
310	236.04556802	0	92
313	237.04817342	0	93
312	236.0465705	0	93
315	239.05216342	0	94
314	238.04955992	0	94
317	241.05685152	0	94
316	240.05381352	0	94
319	244.0642045	0	94
318	242.05874262	0	94
320	241.05682912	0	95
321	243.061381125	0	95
326	247.0703545	0	96
327	248.0723495	0	96
324	245.065491222	0	96
325	246.067223722	0	96
322	243.061389122	0	96
323	244.06275262	0	96
328	247.0703076	0	97
329	249.074986728	0	97
332	251.0795875	0	98
333	252.0816265	0	98
330	249.074853524	0	98
331	250.076406122	0	98
334	252.0829805	0	99
335	257.0951057	0	100
337	260.1036534	0	101
336	258.0984315	0	101
338	259.1010311	0	102
339	262.1096322	0	103
340	265.1167046	0	104
341	268.1254557	0	105
342	271.133477	0	106
343	272.1380365	0	107
344	270.1346531	0	108
345	276.1511673	0	109
346	281.1620678	0	110
347	280.164478	0	111
348	285.1741178	0	112
349	284.1780886	0	113
350	289.1872879	0	114
351	288.1924992	0	115
352	292.20755101	0	117